0 0.241180 0.158370 0.030307 0.058833
0 0.242633 0.651921 0.103391 0.202398
0 0.334461 0.308509 0.043422 0.087185
0 0.448068 0.259931 0.040802 0.076528
0 0.410651 0.161394 0.032760 0.051676
0 0.341693 0.185310 0.032167 0.054435
0 0.287417 0.192458 0.039896 0.078620
0 0.294302 0.099616 0.021583 0.036861
0 0.331901 0.076866 0.018802 0.032213
0 0.365755 0.058921 0.019323 0.028435
0 0.328766 0.051500 0.018802 0.028500
0 0.292211 0.059519 0.018797 0.028481
0 0.320583 0.020088 0.014969 0.025657
0 0.344432 0.012356 0.013229 0.021935
