0 0.324651 0.049514 0.017885 0.027954
0 0.358945 0.044088 0.015724 0.027620
0 0.335854 0.101222 0.023396 0.039130
0 0.483370 0.440648 0.060969 0.135926
0 0.292318 0.099815 0.023583 0.037778
0 0.241693 0.158880 0.028906 0.055907
0 0.292122 0.165514 0.029484 0.048213
0 0.342047 0.143153 0.022406 0.044731
0 0.391188 0.115181 0.024354 0.036306
0 0.210625 0.829037 0.133333 0.294352
0 0.453083 0.263690 0.042417 0.077787
0 0.250888 0.344190 0.069370 0.132824
0 0.326633 0.406481 0.057255 0.119444
0 0.313841 0.005657 0.012380 0.010130
