0 0.257526 0.627593 0.091094 0.204667
0 0.344469 0.010509 0.013365 0.020370
0 0.320182 0.019370 0.015271 0.023759
0 0.292185 0.057644 0.019516 0.027898
0 0.328242 0.049727 0.017818 0.026398
0 0.364836 0.056514 0.018036 0.028657
0 0.331742 0.074023 0.016328 0.033602
0 0.294089 0.096690 0.021198 0.035787
0 0.242133 0.158819 0.028432 0.055787
0 0.288685 0.187042 0.040745 0.079083
0 0.342135 0.181060 0.031042 0.059157
0 0.409060 0.157134 0.031776 0.048528
0 0.445880 0.252505 0.043365 0.075769
0 0.336161 0.296389 0.042240 0.083704
