0 0.286654 0.517773 0.072672 0.143861
0 0.322596 0.321894 0.043995 0.087287
0 0.416578 0.172056 0.032521 0.053556
0 0.341497 0.186343 0.029307 0.057815
0 0.240922 0.158875 0.028104 0.054231
0 0.291513 0.130667 0.032922 0.060667
0 0.335677 0.110329 0.024896 0.044250
0 0.384323 0.105824 0.024792 0.039056
0 0.352276 0.029356 0.015573 0.024250
0 0.325331 0.045741 0.013266 0.025185
0 0.293622 0.064875 0.019391 0.029435
0 0.292315 0.037083 0.017214 0.024593
0 0.323901 0.026528 0.016990 0.022074
0 0.317581 0.007454 0.013078 0.014907
