0 0.494937 0.827574 0.094250 0.312630
0 0.234583 0.716213 0.104583 0.228852
0 0.336096 0.237963 0.037078 0.065926
0 0.241927 0.158120 0.027615 0.054204
0 0.332393 0.167625 0.028026 0.046917
0 0.385398 0.096935 0.022984 0.038685
0 0.335206 0.101958 0.022620 0.040824
0 0.293068 0.078218 0.024698 0.046343
0 0.361693 0.057958 0.017969 0.030194
0 0.326297 0.054435 0.019187 0.030463
0 0.294255 0.036921 0.016104 0.024676
0 0.318586 0.018648 0.012339 0.021630
0 0.339747 0.006046 0.012849 0.012093
0 0.318073 0.003935 0.014052 0.007870
