0 0.220565 0.746477 0.109651 0.247806
0 0.306057 0.415245 0.061333 0.120602
0 0.429357 0.205435 0.035901 0.064426
0 0.340836 0.227171 0.034484 0.065454
0 0.241786 0.158921 0.028208 0.053843
0 0.290781 0.151792 0.034167 0.065991
0 0.393971 0.126986 0.027318 0.043824
0 0.339471 0.137542 0.026443 0.048046
0 0.293898 0.077625 0.019599 0.030620
0 0.327453 0.057051 0.014250 0.027435
0 0.357742 0.040676 0.017818 0.026389
0 0.326266 0.036981 0.017812 0.024278
0 0.292109 0.045417 0.016615 0.025278
0 0.319146 0.011907 0.015458 0.022704
