0 0.420154 0.184199 0.033807 0.056046
0 0.168591 0.877917 0.144797 0.244167
0 0.325182 0.377338 0.052031 0.107380
0 0.458708 0.300014 0.045583 0.089139
0 0.343622 0.223704 0.035682 0.068889
0 0.283305 0.220310 0.045745 0.089269
0 0.241341 0.157944 0.029245 0.056259
0 0.293625 0.112389 0.022354 0.036074
0 0.334370 0.090898 0.017906 0.032407
0 0.371698 0.070204 0.020292 0.031185
0 0.330797 0.061657 0.019719 0.027981
0 0.292542 0.068574 0.020375 0.032389
0 0.347448 0.018667 0.014573 0.023259
0 0.321357 0.026764 0.015724 0.025324
