0 0.318370 0.010440 0.013260 0.020880
0 0.340859 0.219051 0.033177 0.065231
0 0.428052 0.199398 0.035562 0.062315
0 0.391857 0.122685 0.026349 0.043111
0 0.338870 0.132866 0.026542 0.046509
0 0.290560 0.148648 0.034182 0.066537
0 0.235021 0.700935 0.104021 0.219278
0 0.292169 0.043111 0.017099 0.025370
0 0.309745 0.397727 0.056594 0.114028
0 0.241305 0.157477 0.028849 0.056343
0 0.293865 0.075639 0.020771 0.032148
0 0.326917 0.055292 0.015708 0.028139
0 0.356328 0.038833 0.016510 0.024889
0 0.325573 0.035194 0.016667 0.024111
