0 0.370740 0.077546 0.020313 0.033019
0 0.492023 0.928444 0.098661 0.143111
0 0.327706 0.323806 0.044432 0.084056
0 0.331276 0.221741 0.032344 0.060667
0 0.241596 0.158194 0.027880 0.055370
0 0.338240 0.133074 0.025729 0.045778
0 0.397724 0.126537 0.026698 0.044333
0 0.330500 0.075995 0.020698 0.034046
0 0.293646 0.047625 0.016250 0.026139
0 0.320781 0.028583 0.013542 0.023537
0 0.293333 0.024667 0.015208 0.020296
0 0.344573 0.013213 0.013438 0.021241
0 0.320190 0.013690 0.014109 0.019843
0 0.292529 0.098227 0.028349 0.053454
