0 0.293174 0.041171 0.017964 0.024602
0 0.258516 0.614181 0.091094 0.176157
0 0.316870 0.365097 0.053271 0.102287
0 0.423685 0.187981 0.035693 0.058722
0 0.341109 0.205699 0.030365 0.063065
0 0.291565 0.139681 0.034630 0.062509
0 0.389586 0.114583 0.028224 0.040722
0 0.338544 0.123463 0.026120 0.044852
0 0.241495 0.158810 0.029677 0.054343
0 0.294263 0.071569 0.020318 0.031843
0 0.326695 0.051481 0.015953 0.027593
0 0.354716 0.035347 0.017234 0.024176
0 0.325221 0.030815 0.018932 0.024593
0 0.318909 0.009472 0.014568 0.016352
