0 0.241760 0.157954 0.029562 0.056463
0 0.163638 0.889065 0.141380 0.221870
0 0.291458 0.481787 0.070521 0.138389
0 0.339690 0.251639 0.038682 0.072815
0 0.435995 0.223167 0.036865 0.068315
0 0.400089 0.137912 0.028573 0.044602
0 0.341021 0.152889 0.026677 0.050778
0 0.290372 0.163889 0.034599 0.069444
0 0.294018 0.083991 0.021599 0.033870
0 0.328797 0.063097 0.015562 0.029361
0 0.359919 0.047856 0.016828 0.028231
0 0.327836 0.041926 0.017453 0.025407
0 0.292424 0.049801 0.017964 0.027028
0 0.319323 0.013903 0.013823 0.022250
0 0.340490 0.007218 0.011229 0.013528
