0 0.268885 0.576829 0.083969 0.164991
0 0.318742 0.350472 0.047984 0.095963
0 0.422240 0.182093 0.033958 0.058444
0 0.341555 0.198829 0.031370 0.061731
0 0.241680 0.158144 0.030276 0.055139
0 0.291529 0.137463 0.033974 0.062370
0 0.337516 0.119102 0.024719 0.043944
0 0.387539 0.112190 0.025109 0.039380
0 0.293398 0.069565 0.018641 0.029296
0 0.325667 0.049162 0.014500 0.026861
0 0.353534 0.032769 0.016089 0.027556
0 0.292122 0.039042 0.017266 0.024769
0 0.324987 0.030324 0.017464 0.023370
0 0.317831 0.008870 0.012568 0.016741
