0 0.316935 0.413889 0.058443 0.112037
0 0.463503 0.317324 0.050224 0.094167
0 0.425146 0.194731 0.035615 0.063352
0 0.344479 0.241269 0.037187 0.069944
0 0.281466 0.234190 0.046964 0.091806
0 0.373951 0.077301 0.020932 0.034731
0 0.336271 0.096736 0.020000 0.035565
0 0.293589 0.118259 0.023958 0.039667
0 0.241490 0.158972 0.029073 0.054981
0 0.292766 0.072981 0.021885 0.032630
0 0.331477 0.067056 0.020901 0.030333
0 0.348539 0.021759 0.014797 0.022500
0 0.321979 0.029491 0.016146 0.026722
0 0.141107 0.947407 0.116745 0.099815
