0 0.274792 0.552366 0.080313 0.164731
0 0.337826 0.276704 0.039536 0.074704
0 0.442214 0.238824 0.039531 0.073574
0 0.404187 0.148042 0.029656 0.049583
0 0.340984 0.168435 0.029677 0.053981
0 0.288919 0.175954 0.037776 0.072833
0 0.241602 0.159333 0.028620 0.055852
0 0.293904 0.090972 0.021609 0.034537
0 0.330492 0.068542 0.016703 0.030972
0 0.362966 0.051944 0.017432 0.026481
0 0.328057 0.045565 0.018885 0.025185
0 0.291589 0.053037 0.017979 0.028407
0 0.319961 0.016616 0.014526 0.021954
0 0.342555 0.008551 0.012714 0.017102
