0 0.489852 0.900963 0.092307 0.198074
0 0.141404 0.965579 0.115380 0.068843
0 0.330846 0.298176 0.042026 0.080500
0 0.331651 0.205491 0.031906 0.059685
0 0.241581 0.158884 0.028995 0.057917
0 0.292404 0.091986 0.028995 0.051546
0 0.338339 0.124421 0.025740 0.044602
0 0.393885 0.117759 0.026062 0.044019
0 0.368154 0.072287 0.020526 0.031278
0 0.329372 0.070046 0.020839 0.033981
0 0.293682 0.045125 0.016958 0.026935
0 0.320112 0.025801 0.013172 0.022843
0 0.343331 0.010870 0.012516 0.021074
0 0.318961 0.007495 0.013505 0.013157
0 0.293188 0.023019 0.014656 0.018444
