0 0.323542 0.345926 0.048917 0.090259
0 0.330510 0.232907 0.035875 0.064426
0 0.242018 0.159699 0.029005 0.056731
0 0.339201 0.140361 0.026109 0.047704
0 0.400664 0.132958 0.026474 0.047028
0 0.293693 0.102324 0.029375 0.051574
0 0.331404 0.079741 0.020672 0.034852
0 0.372734 0.081352 0.022135 0.036778
0 0.294198 0.050741 0.016521 0.026426
0 0.321482 0.031190 0.013078 0.024306
0 0.345336 0.015731 0.013224 0.021407
0 0.320747 0.014676 0.015172 0.020870
0 0.293169 0.025903 0.014714 0.021139
0 0.489714 0.949606 0.096802 0.100491
