0 0.495779 0.859037 0.102776 0.281926
0 0.192755 0.854329 0.130323 0.291343
0 0.335182 0.262361 0.036354 0.068796
0 0.331815 0.182625 0.031995 0.052713
0 0.242138 0.157315 0.027286 0.054074
0 0.292898 0.084593 0.026078 0.046407
0 0.336159 0.111306 0.024870 0.043556
0 0.389315 0.105690 0.024495 0.040750
0 0.364818 0.065296 0.019760 0.031611
0 0.327078 0.061083 0.019365 0.030204
0 0.294070 0.039588 0.016214 0.024806
0 0.319263 0.022889 0.012224 0.021259
0 0.341326 0.007269 0.012828 0.013519
0 0.318622 0.007449 0.013797 0.014176
