0 0.321563 0.360157 0.048625 0.095315
0 0.330786 0.241375 0.036156 0.068676
0 0.402547 0.138037 0.028208 0.048296
0 0.339206 0.145542 0.027182 0.050602
0 0.242141 0.158764 0.028979 0.056991
0 0.292276 0.103620 0.028208 0.054204
0 0.331000 0.083310 0.022052 0.035565
0 0.373958 0.083769 0.022812 0.035556
0 0.293919 0.052519 0.016224 0.027815
0 0.321680 0.033204 0.013568 0.024204
0 0.346107 0.016713 0.013411 0.022130
0 0.321185 0.016833 0.014849 0.020889
0 0.488029 0.973444 0.087464 0.053111
0 0.293341 0.027537 0.014630 0.020352
