0 0.345052 0.013648 0.013021 0.022611
0 0.233076 0.702407 0.107276 0.212815
0 0.333495 0.319329 0.044479 0.088380
0 0.450937 0.268005 0.041667 0.082491
0 0.412461 0.165403 0.032745 0.051435
0 0.343154 0.194231 0.032745 0.063870
0 0.287357 0.198472 0.043234 0.081389
0 0.241891 0.157491 0.031156 0.057093
0 0.367323 0.061690 0.020042 0.031657
0 0.332661 0.081745 0.018760 0.029972
0 0.329323 0.052931 0.019073 0.028824
0 0.291966 0.061407 0.020026 0.031093
0 0.293557 0.101255 0.022573 0.035046
0 0.320432 0.021843 0.015281 0.023167
