0 0.492570 0.886759 0.105234 0.226481
0 0.158974 0.927921 0.126281 0.144157
0 0.332953 0.287000 0.040333 0.074296
0 0.332044 0.199468 0.031974 0.058139
0 0.241930 0.158769 0.026880 0.056852
0 0.293711 0.091259 0.025807 0.051037
0 0.337677 0.120653 0.024344 0.042639
0 0.392453 0.114630 0.025615 0.041667
0 0.367448 0.070616 0.020104 0.031602
0 0.328563 0.067019 0.019896 0.030759
0 0.342419 0.009523 0.012870 0.019046
0 0.319792 0.024375 0.012292 0.023472
0 0.293854 0.043088 0.016146 0.025991
0 0.293609 0.022921 0.012531 0.017454
0 0.319349 0.008861 0.013385 0.015315
