0 0.325854 0.367361 0.048896 0.104907
0 0.458227 0.295222 0.045807 0.087648
0 0.421143 0.182741 0.033755 0.057296
0 0.173367 0.871620 0.150141 0.256759
0 0.343315 0.219995 0.034932 0.065565
0 0.284122 0.218977 0.043109 0.085546
0 0.241799 0.158917 0.028339 0.059352
0 0.293820 0.110264 0.022901 0.036583
0 0.334852 0.090361 0.018214 0.032722
0 0.370885 0.070935 0.020104 0.032037
0 0.330922 0.062245 0.020323 0.028972
0 0.292768 0.068213 0.019943 0.032037
0 0.321234 0.026625 0.016281 0.025898
0 0.347503 0.018116 0.014370 0.021787
